23:  1 23
23423:  1 59 397 23423
23:  1 23
32437:  1 163 199 32437
3456537:  1 3 7 19 21 57 133 399 8663 25989 60641 164597 181923 493791 1152179 3456537
1:  1
23:  1 23
243243:  1 3 7 9 11 13 21 27 33 39 63 77 81 91 99 117 143 189 231 243 273 297 351 429 567 693 819 891 1001 1053 1287 1701 2079 2457 2673 3003 3159 3861 6237 7371 9009 11583 18711 22113 27027 34749 81081 243243
234532652:  1 2 4 58633163 117266326 234532652
2147483647:  1 2147483647
423452:  1 2 4 105863 211726 423452
2452:  1 2 4 613 1226 2452
12:  1 2 3 4 6 12
